prediction,target
0.8498448555371269,1
0.9411113410570047,1
0.9690268368066679,1
0.9761716842723768,1
0.9612915137811404,1
0.9711084697546987,1
0.9510918195305242,1
0.9678182896713773,1
0.9694033141670779,1
0.9808918077360173,1
0.8479965862678522,1
0.8252990186954849,1
0.9717411027375493,1
0.9589632952178162,1
0.9855957067217055,1
0.9727854665238297,1
0.6941540864166734,1
0.9723229507093255,1
0.9732906023670003,1
0.9724255767265815,1
0.949891910276509,1
0.9663408318105208,1
0.9811930173306161,1
0.8453112491759036,1
0.9604355057477659,1
0.9794372407103765,1
0.9696922999953458,1
0.9644480013956587,1
0.7958409107580037,1
0.8870258677907041,1
0.9799407200099597,1
0.9722194053928029,1
0.9669940497713984,1
0.9597707438156147,1
0.9579966981996341,1
0.8459818893880974,1
0.939318316531962,1
0.9809336514017996,1
0.921819382072456,0
0.7503745295414679,1
0.8903394939130905,0
0.8608286404241555,1
0.969858398351831,1
0.9712097053122721,1
0.9711615691388525,1
0.9593033070500421,1
0.9867520903338077,1
0.8489576579872568,1
0.9615158398031008,1
0.980386342563604,1
0.9598508488726617,1
0.9686479340713129,1
0.845865835649596,1
0.9280197983010406,1
0.9742656114692139,1
0.9722294605738472,1
0.9729889686480057,1
0.9592884741265012,1
0.9377399484564939,0
0.9717858313207044,1
0.8698924432246606,1
0.9858053058352502,1
0.9750334913620794,1
0.9700883120593092,1
0.971939342595757,1
0.9607837027601267,1
0.9451154109643264,1
0.9640339102014613,1
0.9691507971939385,1
0.9618477394146763,1
0.9334574039410747,1
0.9131386035773845,1
0.9239295174437813,1
0.9055914070112131,1
0.9685055440895923,1
0.8557351511083823,1
0.9707529434038352,1
0.9762987056502639,1
0.9114085428539026,1
0.9639008546036701,1
0.9600407906319884,1
0.959103326014957,1
0.9331384117485674,1
0.9771832626695942,1
0.9754871789243894,1
0.8771347134090027,1
0.9549632834986204,1
0.9753080138682022,1
0.9697581845112345,1
0.9596320668546697,1
0.9712101064954516,1
0.8609922654043064,0
0.9660877891448248,1
0.9447106585908379,1
0.8924893076836481,1
0.8712895242618638,1
0.9686191479927452,1
0.7882782983436027,1
0.9737462986752532,1
0.9676127309823853,1
0.717073500236156,1
0.7038385333245897,1
0.9314632972835025,0
0.8587854943226162,0
0.9582451547869347,1
0.9758683212508749,1
0.9721547449522313,1
0.8622853022649358,1
0.9715713180520412,1
0.979375901423837,1
0.8654102717986109,0
0.9590346758179004,1
0.9677785172613929,1
0.9635681684045064,1
0.9614308426514864,1
0.9195467506091743,1
0.9815064697158027,1
0.969425165340704,1
0.9562927608845041,1
0.968734442468676,1
0.9662506773672529,1
0.8487309122618081,0
0.9598066293938512,1
0.9707617521338786,1
0.9573358421488658,1
0.8599330433958013,1
0.9728624759296274,1
0.9822036437654988,1
0.9684332058089922,1
0.9663663444997833,0
0.9567211016062201,1
0.9728129637514873,1
0.9438838447886276,1
0.9658066116957272,1
0.9804488609282331,1
0.9822818000781078,1
0.9609235921600815,1
0.9774472882988853,1
0.9565773023658105,1
0.8794137707505835,1
0.9415967840734604,1
0.9686124700411464,1
0.8243504129404712,1
0.9688349258025916,1
0.9746222390129525,1
0.9727091961017605,1
0.9729244792231713,1
0.9568633483662783,1
